image: C_straight_thick.png
resolution: 0.050000
origin: [-9.600000, -11.0000, 0.000000]
negate: 0
occupied_thresh: 0.65
free_thresh: 0.196
